   -5.0000 ;   -10.3633
   -4.9000 ;    -9.9736
   -4.8000 ;    -9.6071
   -4.7000 ;    -9.2640
   -4.6000 ;    -8.9444
   -4.5000 ;    -8.6484
   -4.4000 ;    -8.3755
   -4.3000 ;    -8.1254
   -4.2000 ;    -7.8973
   -4.1000 ;    -7.6905
   -4.0000 ;    -7.5039
   -3.9000 ;    -7.3364
   -3.8000 ;    -7.1867
   -3.7000 ;    -7.0532
   -3.6000 ;    -6.9345
   -3.5000 ;    -6.8287
   -3.4000 ;    -6.7343
   -3.3000 ;    -6.6492
   -3.2000 ;    -6.5717
   -3.1000 ;    -6.4998
   -3.0000 ;    -6.4316
   -2.9000 ;    -6.3651
   -2.8000 ;    -6.2984
   -2.7000 ;    -6.2298
   -2.6000 ;    -6.1573
   -2.5000 ;    -6.0792
   -2.4000 ;    -5.9940
   -2.3000 ;    -5.9002
   -2.2000 ;    -5.7962
   -2.1000 ;    -5.6810
   -2.0000 ;    -5.5534
   -1.9000 ;    -5.4124
   -1.8000 ;    -5.2572
   -1.7000 ;    -5.0873
   -1.6000 ;    -4.9021
   -1.5000 ;    -4.7014
   -1.4000 ;    -4.4850
   -1.3000 ;    -4.2530
   -1.2000 ;    -4.0054
   -1.1000 ;    -3.7426
   -1.0000 ;    -3.4650
   -0.9000 ;    -3.1731
   -0.8000 ;    -2.8675
   -0.7000 ;    -2.5487
   -0.6000 ;    -2.2175
   -0.5000 ;    -1.8745
   -0.4000 ;    -1.5203
   -0.3000 ;    -1.1553
   -0.2000 ;    -0.7802
   -0.1000 ;    -0.3950
   -0.0000 ;    -0.0000
sred =    -5.6180
